+-------+-----+-----+-----+-----+-----+--------+-----------------------------------------------------+-------+--------+---------+-------+-------+--------+--------+--------+------------+------------+--------------+------------+
| COUNT | 1XX | 2XX | 3XX | 4XX | 5XX | METHOD |                         URI                         |  MIN  |  MAX   |   SUM   |  AVG  |  P1   |  P50   |  P99   | STDDEV | MIN(BODY)  | MAX(BODY)  |  SUM(BODY)   | AVG(BODY)  |
+-------+-----+-----+-----+-----+-----+--------+-----------------------------------------------------+-------+--------+---------+-------+-------+--------+--------+--------+------------+------------+--------------+------------+
|   255 |   0 |   0 | 220 |  35 |   0 | POST   | /login                                              | 0.004 |  3.003 | 185.723 | 0.728 | 0.005 |  0.139 |  2.872 |  1.133 |      0.000 |      0.000 |        0.000 |      0.000 |
|   137 |   0 |  61 |   0 |  76 |   0 | GET    | /fetch                                              | 0.003 | 10.039 | 759.172 | 5.541 | 0.003 | 10.014 |  0.692 |  3.641 |      0.000 |   3008.000 |   183474.000 |   1339.226 |
|   126 |   0 | 125 |   0 |   1 |   0 | GET    | /message                                            | 0.003 |  8.347 | 352.549 | 2.798 | 0.003 |  7.690 |  0.855 |  3.064 |      2.000 |  52455.000 |   216643.000 |   1719.389 |
|   103 |   0 | 103 |   0 |   0 |   0 | GET    | /css/main.css                                       | 0.000 |  0.000 |   0.000 | 0.000 | 0.000 |  0.000 |  0.000 |  0.000 |   1741.000 |   1741.000 |   179323.000 |   1741.000 |
|   103 |   0 | 103 |   0 |   0 |   0 | GET    | /js/jquery.min.js                                   | 0.000 |  0.000 |   0.000 | 0.000 | 0.000 |  0.000 |  0.000 |  0.000 |  86659.000 |  86659.000 |  8925877.000 |  86659.000 |
|   103 |   0 | 103 |   0 |   0 |   0 | GET    | /js/tether.min.js                                   | 0.000 |  0.000 |   0.000 | 0.000 | 0.000 |  0.000 |  0.000 |  0.000 |  24632.000 |  24632.000 |  2537096.000 |  24632.000 |
|   103 |   0 | 103 |   0 |   0 |   0 | GET    | /js/bootstrap.min.js                                | 0.000 |  0.000 |   0.000 | 0.000 | 0.000 |  0.000 |  0.000 |  0.000 |  46653.000 |  46653.000 |  4805259.000 |  46653.000 |
|   103 |   0 | 103 |   0 |   0 |   0 | GET    | /css/bootstrap.min.css                              | 0.000 |  0.049 |   0.139 | 0.001 | 0.000 |  0.000 |  0.000 |  0.005 | 150996.000 | 150996.000 | 15552588.000 | 150996.000 |
|   102 |   0 | 102 |   0 |   0 |   0 | GET    | /fonts/glyphicons-halflings-regular.eot             | 0.000 |  0.000 |   0.000 | 0.000 | 0.000 |  0.000 |  0.000 |  0.000 |  20127.000 |  20127.000 |  2052954.000 |  20127.000 |
|   102 |   0 | 102 |   0 |   0 |   0 | GET    | /fonts/glyphicons-halflings-regular.svg             | 0.000 |  0.004 |   0.005 | 0.000 | 0.000 |  0.000 |  0.000 |  0.000 | 108738.000 | 108738.000 | 11091276.000 | 108738.000 |
|   102 |   0 | 102 |   0 |   0 |   0 | GET    | /js/chat.js                                         | 0.000 |  0.000 |   0.000 | 0.000 | 0.000 |  0.000 |  0.000 |  0.000 |   4162.000 |   4162.000 |   424524.000 |   4162.000 |
|   102 |   0 | 102 |   0 |   0 |   0 | GET    | /fonts/glyphicons-halflings-regular.woff2           | 0.000 |  0.000 |   0.000 | 0.000 | 0.000 |  0.000 |  0.000 |  0.000 |  18028.000 |  18028.000 |  1838856.000 |  18028.000 |
|   102 |   0 | 102 |   0 |   0 |   0 | GET    | /fonts/glyphicons-halflings-regular.woff            | 0.000 |  0.000 |   0.000 | 0.000 | 0.000 |  0.000 |  0.000 |  0.000 |  23424.000 |  23424.000 |  2389248.000 |  23424.000 |
|   102 |   0 | 102 |   0 |   0 |   0 | GET    | /favicon.ico                                        | 0.000 |  0.000 |   0.000 | 0.000 | 0.000 |  0.000 |  0.000 |  0.000 |    318.000 |    318.000 |    32436.000 |    318.000 |
|   102 |   0 | 102 |   0 |   0 |   0 | GET    | /fonts/glyphicons-halflings-regular.ttf             | 0.000 |  0.000 |   0.000 | 0.000 | 0.000 |  0.000 |  0.000 |  0.000 |  45404.000 |  45404.000 |  4631208.000 |  45404.000 |
|    93 |   0 |   0 |  91 |   2 |   0 | POST   | /add_channel                                        | 0.004 |  0.028 |   1.029 | 0.011 | 0.011 |  0.008 |  0.009 |  0.004 |      0.000 |      0.000 |        0.000 |      0.000 |
|    48 |   0 |   2 |   0 |  46 |   0 | POST   | /message                                            | 0.015 |  3.006 | 122.584 | 2.554 | 0.015 |  3.001 |  0.181 |  0.999 |      0.000 |      0.000 |        0.000 |      0.000 |
|    41 |   0 |  41 |   0 |   0 |   0 | GET    | /channel/338                                        | 0.042 |  4.618 |  65.643 | 1.601 | 0.458 |  1.258 |  0.531 |  1.606 |  26104.000 |  26129.000 |  1070767.000 |  26116.268 |
|    20 |   0 |  20 |   0 |   0 |   0 | GET    | /channel/352                                        | 0.279 |  1.115 |  12.614 | 0.631 | 0.279 |  0.584 |  0.963 |  0.228 |  26107.000 |  26119.000 |   522282.000 |  26114.100 |
|    19 |   0 |   9 |   0 |  10 |   0 | GET    | /icons/3f6591acbf1577185cd7c674f0ec36efcc9c4970.png | 5.180 | 10.011 | 163.798 | 8.621 | 5.180 |  8.976 | 10.000 |  1.729 |      0.000 | 252111.000 |  2268999.000 | 119421.000 |
|    10 |   0 |  10 |   0 |   0 |   0 | GET    | /channel/357                                        | 3.172 |  4.682 |  39.643 | 3.964 | 3.172 |  4.162 |  4.361 |  0.517 |  26108.000 |  26118.000 |   261133.000 |  26113.300 |
|    10 |   0 |  10 |   0 |   0 |   0 | GET    | /channel/339                                        | 1.602 |  2.105 |  18.472 | 1.847 | 1.602 |  1.879 |  2.013 |  0.162 |  26117.000 |  26123.000 |   261195.000 |  26119.500 |
|    10 |   0 |  10 |   0 |   0 |   0 | GET    | /channel/307                                        | 0.121 |  0.561 |   3.829 | 0.383 | 0.121 |  0.401 |  0.561 |  0.139 |  26111.000 |  26122.000 |   261171.000 |  26117.100 |
|    10 |   0 |  10 |   0 |   0 |   0 | GET    | /channel/336                                        | 1.571 |  2.089 |  18.722 | 1.872 | 1.571 |  1.873 |  2.036 |  0.166 |  26113.000 |  26124.000 |   261183.000 |  26118.300 |
|     8 |   0 |   0 |   4 |   4 |   0 | POST   | /profile                                            | 0.015 |  1.250 |   1.713 | 0.214 | 0.015 |  0.036 |  0.022 |  0.394 |      0.000 |      0.000 |        0.000 |      0.000 |
|     8 |   0 |   6 |   1 |   1 |   0 | GET    | /history/1                                          | 0.003 | 10.000 |  10.455 | 1.307 | 0.047 |  0.090 |  0.003 |  3.286 |      0.000 |  43908.000 |   251755.000 |  31469.375 |
|     8 |   0 |   0 |   4 |   4 |   0 | POST   | /register                                           | 0.008 |  3.000 |   6.385 | 0.798 | 0.021 |  0.235 |  0.040 |  1.273 |      0.000 |      0.000 |        0.000 |      0.000 |
|     7 |   0 |   0 |   7 |   0 |   0 | GET    | /logout                                             | 0.002 |  5.752 |  13.277 | 1.897 | 0.003 |  1.085 |  4.366 |  2.081 |      0.000 |      0.000 |        0.000 |      0.000 |
|     4 |   0 |   4 |   0 |   0 |   0 | GET    | /icons/default.png                                  | 0.372 |  0.413 |   1.565 | 0.391 | 0.402 |  0.378 |  0.372 |  0.017 |  52267.000 |  52267.000 |   209068.000 |  52267.000 |
|     4 |   0 |   4 |   0 |   0 |   0 | GET    | /                                                   | 0.009 |  1.839 |   1.946 | 0.486 | 0.020 |  0.009 |  0.078 |  0.781 |   1794.000 |   1794.000 |     7176.000 |   1794.000 |
|     4 |   0 |   4 |   0 |   0 |   0 | GET    | /history/336                                        | 0.771 |  1.317 |   4.112 | 1.028 | 1.158 |  1.317 |  0.866 |  0.219 |  25814.000 |  25817.000 |   103262.000 |  25815.500 |
|     4 |   0 |   4 |   0 |   0 |   0 | GET    | /profile/mizukami_riho                              | 0.031 |  0.059 |   0.193 | 0.048 | 0.048 |  0.059 |  0.055 |  0.011 |  25945.000 |  26326.000 |   104542.000 |  26135.500 |
|     4 |   0 |   4 |   0 |   0 |   0 | GET    | /profile/udagawa_hanako                             | 0.018 |  0.019 |   0.074 | 0.018 | 0.018 |  0.018 |  0.019 |  0.001 |  25945.000 |  26334.000 |   104556.000 |  26139.000 |
|     3 |   0 |   1 |   2 |   0 |   0 | GET    | /channel/1                                          | 0.002 |  0.700 |   0.722 | 0.241 | 0.002 |  0.002 |  0.020 |  0.325 |      0.000 |  26116.000 |    26116.000 |   8705.333 |
|     3 |   0 |   1 |   2 |   0 |   0 | GET    | /add_channel                                        | 0.006 |  6.725 |   6.752 | 2.251 | 0.021 |  0.021 |  0.006 |  3.164 |      0.000 |  26146.000 |    26146.000 |   8715.333 |
|     3 |   0 |   3 |   0 |   0 |   0 | GET    | /icons/aa8c2a9a793eb1414c45fd2f46f08096d5f7cb69.png | 0.389 |  6.539 |   7.334 | 2.445 | 0.406 |  0.406 |  0.389 |  2.895 | 492873.000 | 492873.000 |  1478619.000 | 492873.000 |
|     3 |   0 |   3 |   0 |   0 |   0 | GET    | /register                                           | 0.009 |  0.805 |   1.171 | 0.390 | 0.009 |  0.009 |  0.357 |  0.326 |   2084.000 |   2084.000 |     6252.000 |   2084.000 |
|     3 |   0 |   2 |   0 |   1 |   0 | GET    | /login                                              | 0.010 |  1.095 |   1.905 | 0.635 | 0.010 |  0.010 |  1.095 |  0.458 |      0.000 |   2087.000 |     4174.000 |   1391.333 |
|     2 |   0 |   2 |   0 |   0 |   0 | GET    | /icons/846f4f0bde2a2103c71936091e82bc1354f11b3a.png | 0.345 |  8.206 |   8.551 | 4.276 | 0.345 |  0.345 |  0.345 |  3.930 | 148944.000 | 148944.000 |   297888.000 | 148944.000 |
|     2 |   0 |   2 |   0 |   0 |   0 | GET    | /icons/164a720f716d0b01e6c66cb53a8d1367aaf4fc42.png | 0.410 |  6.720 |   7.130 | 3.565 | 0.410 |  0.410 |  0.410 |  3.155 | 344431.000 | 344431.000 |   688862.000 | 344431.000 |
|     2 |   0 |   2 |   0 |   0 |   0 | GET    | /history/361                                        | 0.694 |  1.417 |   2.111 | 1.055 | 1.417 |  1.417 |  1.417 |  0.362 |  25814.000 |  25814.000 |    51628.000 |  25814.000 |
|     2 |   0 |   2 |   0 |   0 |   0 | GET    | /icons/e58ed7194ed4a99d9d6ada9e3383983edcbd1edc.png | 0.347 |  0.372 |   0.719 | 0.359 | 0.372 |  0.372 |  0.372 |  0.013 | 105173.000 | 105173.000 |   210346.000 | 105173.000 |
|     2 |   0 |   2 |   0 |   0 |   0 | GET    | /channel/5                                          | 0.038 |  0.045 |   0.083 | 0.041 | 0.038 |  0.038 |  0.038 |  0.003 |  26118.000 |  26124.000 |    52242.000 |  26121.000 |
|     2 |   0 |   2 |   0 |   0 |   0 | GET    | /icons/450886d6faaee54f7387d890bd1a8e01e80c147c.png | 0.352 |  0.372 |   0.724 | 0.362 | 0.372 |  0.372 |  0.372 |  0.010 | 223452.000 | 223452.000 |   446904.000 | 223452.000 |
|     2 |   0 |   2 |   0 |   0 |   0 | GET    | /icons/bde120814720fb3bee14f415b4001305868df456.png | 0.414 |  6.689 |   7.103 | 3.551 | 0.414 |  0.414 |  0.414 |  3.138 | 295006.000 | 295006.000 |   590012.000 | 295006.000 |
|     2 |   0 |   2 |   0 |   0 |   0 | GET    | /icons/b1c8c5bc9b026507ae62e6bf62cf55f70f4ac3d8.png | 0.410 |  7.775 |   8.185 | 4.093 | 0.410 |  0.410 |  0.410 |  3.683 | 327999.000 | 327999.000 |   655998.000 | 327999.000 |
|     2 |   0 |   2 |   0 |   0 |   0 | GET    | /icons/d596eb3cfed2cf248053397eb623fc560917d0c9.png | 0.430 |  7.045 |   7.475 | 3.737 | 0.430 |  0.430 |  0.430 |  3.307 | 312514.000 | 312514.000 |   625028.000 | 312514.000 |
|     2 |   0 |   2 |   0 |   0 |   0 | GET    | /icons/f0a6a8334e2b9b3f49c39ce35a19a2d20e648aab.png | 0.455 |  0.537 |   0.992 | 0.496 | 0.537 |  0.537 |  0.537 |  0.041 | 672881.000 | 672881.000 |  1345762.000 | 672881.000 |
|     2 |   0 |   2 |   0 |   0 |   0 | GET    | /history/349                                        | 0.976 |  1.164 |   2.140 | 1.070 | 1.164 |  1.164 |  1.164 |  0.094 |  25806.000 |  25806.000 |    51612.000 |  25806.000 |
|     2 |   0 |   2 |   0 |   0 |   0 | GET    | /icons/9ffcd7cee7e5947b204db47c5738150e09e685e1.png | 0.345 |  7.104 |   7.449 | 3.724 | 0.345 |  0.345 |  0.345 |  3.380 | 202359.000 | 202359.000 |   404718.000 | 202359.000 |
|     2 |   0 |   2 |   0 |   0 |   0 | GET    | /history/291                                        | 0.821 |  1.007 |   1.828 | 0.914 | 0.821 |  0.821 |  0.821 |  0.093 |  25820.000 |  25820.000 |    51640.000 |  25820.000 |
|     2 |   0 |   2 |   0 |   0 |   0 | GET    | /icons/3d46b7f1f3b3b4486d56a224db9fea9b12c718f5.png | 0.401 |  0.417 |   0.818 | 0.409 | 0.401 |  0.401 |  0.401 |  0.008 | 233710.000 | 233710.000 |   467420.000 | 233710.000 |
|     2 |   0 |   2 |   0 |   0 |   0 | GET    | /history/6                                          | 1.539 |  2.768 |   4.307 | 2.153 | 1.539 |  1.539 |  1.539 |  0.614 |  43105.000 |  43734.000 |    86839.000 |  43419.500 |
|     1 |   0 |   1 |   0 |   0 |   0 | GET    | /profile/yamamura_kenichi                           | 6.612 |  6.612 |   6.612 | 6.612 | 6.612 |  6.612 |  6.612 |  0.000 |  26332.000 |  26332.000 |    26332.000 |  26332.000 |
|     1 |   0 |   1 |   0 |   0 |   0 | GET    | /icons/c3e70129aeb6397568d97c8261b134547c31f4dc.png | 0.392 |  0.392 |   0.392 | 0.392 | 0.392 |  0.392 |  0.392 |  0.000 | 223462.000 | 223462.000 |   223462.000 | 223462.000 |
|     1 |   0 |   1 |   0 |   0 |   0 | GET    | /channel/332                                        | 0.020 |  0.020 |   0.020 | 0.020 | 0.020 |  0.020 |  0.020 |  0.000 |  26114.000 |  26114.000 |    26114.000 |  26114.000 |
|     1 |   0 |   1 |   0 |   0 |   0 | GET    | /icons/5dc48c74e0f923aa2a4acbe786d3cbe2512c6767.png | 0.410 |  0.410 |   0.410 | 0.410 | 0.410 |  0.410 |  0.410 |  0.000 | 388612.000 | 388612.000 |   388612.000 | 388612.000 |
|     1 |   0 |   1 |   0 |   0 |   0 | GET    | /icons/37cb504a993a882fb7bae384f0a518cae7ff97b5.png | 0.379 |  0.379 |   0.379 | 0.379 | 0.379 |  0.379 |  0.379 |  0.000 | 127820.000 | 127820.000 |   127820.000 | 127820.000 |
|     1 |   0 |   1 |   0 |   0 |   0 | GET    | /history/5                                          | 0.037 |  0.037 |   0.037 | 0.037 | 0.037 |  0.037 |  0.037 |  0.000 |  43605.000 |  43605.000 |    43605.000 |  43605.000 |
|     1 |   0 |   1 |   0 |   0 |   0 | GET    | /icons/b4f9effc4d9e86b58b271f5652b51dd997036d43.png | 0.453 |  0.453 |   0.453 | 0.453 | 0.453 |  0.453 |  0.453 |  0.000 | 428252.000 | 428252.000 |   428252.000 | 428252.000 |
|     1 |   0 |   1 |   0 |   0 |   0 | GET    | /profile/kohori_yuuki                               | 0.430 |  0.430 |   0.430 | 0.430 | 0.430 |  0.430 |  0.430 |  0.000 |  26324.000 |  26324.000 |    26324.000 |  26324.000 |
|     1 |   0 |   1 |   0 |   0 |   0 | GET    | /icons/f8a9d2d65300689fdbf9688a05045f56c122bc16.png | 0.377 |  0.377 |   0.377 | 0.377 | 0.377 |  0.377 |  0.377 |  0.000 | 399332.000 | 399332.000 |   399332.000 | 399332.000 |
|     1 |   0 |   1 |   0 |   0 |   0 | GET    | /profile/yoshinaga_katsuhisa                        | 0.626 |  0.626 |   0.626 | 0.626 | 0.626 |  0.626 |  0.626 |  0.000 |  26338.000 |  26338.000 |    26338.000 |  26338.000 |
|     1 |   0 |   1 |   0 |   0 |   0 | GET    | /icons/ae8893170459dc68063b942c49cc0b2be78f6b47.png | 0.387 |  0.387 |   0.387 | 0.387 | 0.387 |  0.387 |  0.387 |  0.000 | 227840.000 | 227840.000 |   227840.000 | 227840.000 |
|     1 |   0 |   1 |   0 |   0 |   0 | GET    | /profile/nakano_yuu                                 | 0.960 |  0.960 |   0.960 | 0.960 | 0.960 |  0.960 |  0.960 |  0.000 |  26320.000 |  26320.000 |    26320.000 |  26320.000 |
|     1 |   0 |   1 |   0 |   0 |   0 | GET    | /icons/c434098fec37fd0d2c1e646d104220f6ffabbea7.png | 0.350 |  0.350 |   0.350 | 0.350 | 0.350 |  0.350 |  0.350 |  0.000 | 103094.000 | 103094.000 |   103094.000 | 103094.000 |
|     1 |   0 |   1 |   0 |   0 |   0 | GET    | /icons/6b88bb2c190da9e6cd9e704c45bf1d52ad107348.png | 0.354 |  0.354 |   0.354 | 0.354 | 0.354 |  0.354 |  0.354 |  0.000 | 149543.000 | 149543.000 |   149543.000 | 149543.000 |
|     1 |   0 |   0 |   0 |   1 |   0 | GET    | /profile/TskZoQJMqrTICTojIYxyeSxZyfroRODM           | 0.010 |  0.010 |   0.010 | 0.010 | 0.010 |  0.010 |  0.010 |  0.000 |      0.000 |      0.000 |        0.000 |      0.000 |
|     1 |   0 |   1 |   0 |   0 |   0 | GET    | /icons/3bb9df05ed10fa7a086183bf2799e132631a93ce.png | 7.042 |  7.042 |   7.042 | 7.042 | 7.042 |  7.042 |  7.042 |  0.000 | 438863.000 | 438863.000 |   438863.000 | 438863.000 |
|     1 |   0 |   1 |   0 |   0 |   0 | GET    | /icons/02be8cdc86437df99c6cdcfb47c52f1085d92b1a.png | 0.380 |  0.380 |   0.380 | 0.380 | 0.380 |  0.380 |  0.380 |  0.000 | 115438.000 | 115438.000 |   115438.000 | 115438.000 |
|     1 |   0 |   0 |   1 |   0 |   0 | GET    | /profile/oosaki_mia                                 | 5.585 |  5.585 |   5.585 | 5.585 | 5.585 |  5.585 |  5.585 |  0.000 |      0.000 |      0.000 |        0.000 |      0.000 |
|     1 |   0 |   1 |   0 |   0 |   0 | GET    | /icons/ba05f8d186ab9c5270276176187eb0361b06baef.png | 0.407 |  0.407 |   0.407 | 0.407 | 0.407 |  0.407 |  0.407 |  0.000 | 543142.000 | 543142.000 |   543142.000 | 543142.000 |
|     1 |   0 |   1 |   0 |   0 |   0 | GET    | /profile/morinaga_keiko                             | 7.949 |  7.949 |   7.949 | 7.949 | 7.949 |  7.949 |  7.949 |  0.000 |  26328.000 |  26328.000 |    26328.000 |  26328.000 |
|     1 |   0 |   1 |   0 |   0 |   0 | GET    | /icons/158fa9df919970ac8bc3bc2724ed5b02fe30968d.png | 7.512 |  7.512 |   7.512 | 7.512 | 7.512 |  7.512 |  7.512 |  0.000 | 115055.000 | 115055.000 |   115055.000 | 115055.000 |
|     1 |   0 |   1 |   0 |   0 |   0 | GET    | /icons/d6ad2e7df048b8691a8223482adf654ae03376af.png | 8.216 |  8.216 |   8.216 | 8.216 | 8.216 |  8.216 |  8.216 |  0.000 | 371278.000 | 371278.000 |   371278.000 | 371278.000 |
|     1 |   0 |   1 |   0 |   0 |   0 | GET    | /icons/65ea5a70b1fcf8f5f816b01b87f2aca2251315b0.png | 0.378 |  0.378 |   0.378 | 0.378 | 0.378 |  0.378 |  0.378 |  0.000 | 299210.000 | 299210.000 |   299210.000 | 299210.000 |
|     1 |   0 |   1 |   0 |   0 |   0 | GET    | /icons/e7ae0e65a2deb1f89a1f82dfc713c787cf2a5233.png | 6.946 |  6.946 |   6.946 | 6.946 | 6.946 |  6.946 |  6.946 |  0.000 | 366869.000 | 366869.000 |   366869.000 | 366869.000 |
|     1 |   0 |   1 |   0 |   0 |   0 | GET    | /icons/2716e8a567c6eb3bab842e5b82940e795583ce59.png | 7.019 |  7.019 |   7.019 | 7.019 | 7.019 |  7.019 |  7.019 |  0.000 | 426930.000 | 426930.000 |   426930.000 | 426930.000 |
|     1 |   0 |   1 |   0 |   0 |   0 | GET    | /icons/e01bb3e44b4b80c34168091f7aa3ce083b31add1.png | 7.026 |  7.026 |   7.026 | 7.026 | 7.026 |  7.026 |  7.026 |  0.000 | 217269.000 | 217269.000 |   217269.000 | 217269.000 |
|     1 |   0 |   1 |   0 |   0 |   0 | GET    | /icons/f906be69b742085556fd0d80ac1241e2693d9872.png | 0.474 |  0.474 |   0.474 | 0.474 | 0.474 |  0.474 |  0.474 |  0.000 | 196885.000 | 196885.000 |   196885.000 | 196885.000 |
|     1 |   0 |   1 |   0 |   0 |   0 | GET    | /icons/afed4119e9395c58e691e8f1c2687ce222e95183.png | 7.728 |  7.728 |   7.728 | 7.728 | 7.728 |  7.728 |  7.728 |  0.000 | 197501.000 | 197501.000 |   197501.000 | 197501.000 |
|     1 |   0 |   1 |   0 |   0 |   0 | GET    | /icons/c192f5cb12a1e37d0e5ada0c2fa5335d016b912c.png | 7.772 |  7.772 |   7.772 | 7.772 | 7.772 |  7.772 |  7.772 |  0.000 | 687385.000 | 687385.000 |   687385.000 | 687385.000 |
|     1 |   0 |   1 |   0 |   0 |   0 | GET    | /icons/d9efb5732e0ee53618bd10d2ddc5a6b33edc4751.png | 7.801 |  7.801 |   7.801 | 7.801 | 7.801 |  7.801 |  7.801 |  0.000 | 430334.000 | 430334.000 |   430334.000 | 430334.000 |
|     1 |   0 |   1 |   0 |   0 |   0 | GET    | /icons/8aa90058ae2ca9c39b63de8bceef53e2d3a6d80c.png | 7.614 |  7.614 |   7.614 | 7.614 | 7.614 |  7.614 |  7.614 |  0.000 | 111751.000 | 111751.000 |   111751.000 | 111751.000 |
|     1 |   0 |   1 |   0 |   0 |   0 | GET    | /icons/4222f36590fbd90f9b7179efaa582ae51c777c52.jpg | 8.291 |  8.291 |   8.291 | 8.291 | 8.291 |  8.291 |  8.291 |  0.000 | 329742.000 | 329742.000 |   329742.000 | 329742.000 |
|     1 |   0 |   1 |   0 |   0 |   0 | GET    | /icons/7598595abd317f5ae637300a27f95e3c700376a7.png | 0.453 |  0.453 |   0.453 | 0.453 | 0.453 |  0.453 |  0.453 |  0.000 | 436866.000 | 436866.000 |   436866.000 | 436866.000 |
|     1 |   0 |   1 |   0 |   0 |   0 | GET    | /history/370                                        | 0.033 |  0.033 |   0.033 | 0.033 | 0.033 |  0.033 |  0.033 |  0.000 |  25810.000 |  25810.000 |    25810.000 |  25810.000 |
|     1 |   0 |   1 |   0 |   0 |   0 | GET    | /history/338                                        | 0.101 |  0.101 |   0.101 | 0.101 | 0.101 |  0.101 |  0.101 |  0.000 |  25820.000 |  25820.000 |    25820.000 |  25820.000 |
|     1 |   0 |   1 |   0 |   0 |   0 | GET    | /initialize                                         | 0.025 |  0.025 |   0.025 | 0.025 | 0.025 |  0.025 |  0.025 |  0.000 |      0.000 |      0.000 |        0.000 |      0.000 |
|     1 |   0 |   0 |   0 |   1 |   0 | GET    | /css/bootstrap.min.css.map                          | 0.000 |  0.000 |   0.000 | 0.000 | 0.000 |  0.000 |  0.000 |  0.000 |    571.000 |    571.000 |      571.000 |    571.000 |
|     1 |   0 |   0 |   1 |   0 |   0 | GET    | /profile/kitou_tomoka                               | 0.002 |  0.002 |   0.002 | 0.002 | 0.002 |  0.002 |  0.002 |  0.000 |      0.000 |      0.000 |        0.000 |      0.000 |
+-------+-----+-----+-----+-----+-----+--------+-----------------------------------------------------+-------+--------+---------+-------+-------+--------+--------+--------+------------+------------+--------------+------------+
